-6.203072491575396e+33
-6.20307248720988e+33
-6.203072482846583e+33
-6.20307247848632e+33
-6.203072474129918e+33
-6.203072469778205e+33
-6.203072465431997e+33
-6.203072461092117e+33
-6.203072456759379e+33
-6.20307245243461e+33
-6.20307244811862e+33
-6.20307244381223e+33
-6.203072439516251e+33
-6.203072435231502e+33
-6.203072430958788e+33
-6.203072426698919e+33
-6.2030724224527e+33
-6.203072418220935e+33
-6.203072414004423e+33
-6.203072409803965e+33
-6.20307240562036e+33
-6.203072401454395e+33
-6.203072397306857e+33
-6.203072393178539e+33
-6.203072389070222e+33
-6.203072384982681e+33
-6.203072380916694e+33
-6.203072376873022e+33
-6.203072372852445e+33
-6.203072368855717e+33
-6.203072364883597e+33
-6.203072360936839e+33
-6.203072357016185e+33
-6.20307235312239e+33
-6.203072349256173e+33
-6.203072345418283e+33
-6.203072341609433e+33
-6.203072337830356e+33
-6.203072334081757e+33
-6.203072330364349e+33
-6.203072326678826e+33
-6.203072323025889e+33
-6.203072319406225e+33
-6.20307231582052e+33
-6.203072312269444e+33
-6.20307230875367e+33
-6.203072305273851e+33
-6.203072301830646e+33
-6.20307229842469e+33
-6.20307229505663e+33
-6.20307229172709e+33
-6.203072288436691e+33
-6.203072285186051e+33
-6.203072281975767e+33
-6.203072278806439e+33
-6.203072275678648e+33
-6.203072272592974e+33
-6.203072269549989e+33
-6.203072266550247e+33
-6.203072263594299e+33
-6.203072260682684e+33
-6.203072257815933e+33
-6.203072254994575e+33
-6.203072252219107e+33
-6.203072249490041e+33
-6.203072246807859e+33
-6.203072244173048e+33
-6.203072241586072e+33
-6.20307223904739e+33
-6.203072236557457e+33
-6.2030722341167e+33
-6.203072231725554e+33
-6.203072229384433e+33
-6.20307222709374e+33
-6.20307222485387e+33
-6.203072222665199e+33
-6.203072220528104e+33
-6.203072218442944e+33
-6.203072216410062e+33
-6.203072214429797e+33
-6.20307221250247e+33
-6.20307221062839e+33
-6.203072208807861e+33
-6.203072207041179e+33
-6.203072205328603e+33
-6.203072203670404e+33
-6.203072202066838e+33
-6.203072200518134e+33
-6.203072199024522e+33
-6.203072197586222e+33
-6.20307219620343e+33
-6.203072194876335e+33
-6.203072193605116e+33
-6.203072192389934e+33
-6.20307219123094e+33
-6.203072190128273e+33
-6.203072189082064e+33
-6.203072188092417e+33
-6.203072187159434e+33
-6.203072186283204e+33
-6.203072185463807e+33
-6.20307218470129e+33
-6.203072183995712e+33
-6.203072183347112e+33
-6.203072182755502e+33
-6.2030721822209e+33
-6.203072181743297e+33
-6.20307218132269e+33
-6.203072180959029e+33
-6.203072180652294e+33
-6.203072180402409e+33
-6.203072180209322e+33
-6.203072180072949e+33
-6.203072179993201e+33
-6.203072179969965e+33
-6.203072180003125e+33
-6.20307218009255e+33
-6.203072180238099e+33
-6.20307218043961e+33
-6.203072180696924e+33
-6.20307218100985e+33
-6.203072181378194e+33
-6.203072181801752e+33
-6.203072182280307e+33
-6.20307218281363e+33
-6.203072183401474e+33
-6.203072184043584e+33
-6.20307218473969e+33
-6.203072185489519e+33
-6.203072186292776e+33
-6.203072187149159e+33
-6.203072188058358e+33
-6.203072189020037e+33
-6.203072190033863e+33
-6.203072191099488e+33
-6.203072192216545e+33
-6.203072193384672e+33
-6.203072194603479e+33
-6.203072195872566e+33
-6.203072197191543e+33
-6.203072198559981e+33
-6.203072199977456e+33
-6.203072201443536e+33
-6.20307220295777e+33
-6.203072204519694e+33
-6.203072206128848e+33
-6.203072207784752e+33
-6.203072209486914e+33
-6.203072211234836e+33
-6.203072213028011e+33
-6.203072214865926e+33
-6.203072216748042e+33
-6.203072218673833e+33
-6.203072220642748e+33
-6.203072222654239e+33
-6.203072224707737e+33
-6.203072226802674e+33
-6.203072228938466e+33
-6.203072231114518e+33
-6.203072233330248e+33
-6.203072235585039e+33
-6.203072237878281e+33
-6.203072240209353e+33
-6.203072242577625e+33
-6.203072244982464e+33
-6.203072247423223e+33
-6.203072249899253e+33
-6.203072252409899e+33
-6.203072254954497e+33
-6.20307225753237e+33
-6.203072260142843e+33
-6.203072262785234e+33
-6.203072265458854e+33
-6.203072268163011e+33
-6.203072270896996e+33
-6.203072273660107e+33
-6.203072276451629e+33
-6.20307227927085e+33
-6.203072282117044e+33
-6.203072284989481e+33
-6.203072287887433e+33
-6.203072290810162e+33
-6.203072293756933e+33
-6.203072296726988e+33
-6.203072299719594e+33
-6.203072302733985e+33
-6.203072305769413e+33
-6.203072308825114e+33
-6.203072311900332e+33
-6.203072314994292e+33
-6.203072318106236e+33
-6.203072321235382e+33
-6.203072324380963e+33
-6.203072327542204e+33
-6.203072330718321e+33
-6.203072333908538e+33
-6.203072337112072e+33
-6.203072340328145e+33
-6.203072343555966e+33
-6.203072346794748e+33
-6.203072350043709e+33
-6.203072353302063e+33
-6.203072356569016e+33
-6.203072359843779e+33
-6.20307236312557e+33
-6.203072366413587e+33
-6.203072369707054e+33
-6.203072373005178e+33
-6.203072376307166e+33
-6.203072379612239e+33
-6.203072382919603e+33
-6.203072386228475e+33
-6.203072389538063e+33
-6.203072392847594e+33
-6.203072396156279e+33
-6.203072399463341e+33
-6.203072402767999e+33
-6.203072406069475e+33
-6.203072409366999e+33
-6.203072412659791e+33
-6.203072415947086e+33
-6.20307241922812e+33
-6.203072422502126e+33
-6.203072425768337e+33
-6.203072429026005e+33
-6.203072432274365e+33
-6.203072435512669e+33
-6.203072438740175e+33
-6.20307244195613e+33
-6.203072445159801e+33
-6.20307244835045e+33
-6.203072451527337e+33
-6.20307245468974e+33
-6.203072457836944e+33
-6.203072460968216e+33
-6.203072464082855e+33
-6.203072467180146e+33
-6.203072470259383e+33
-6.203072473319871e+33
-6.203072476360924e+33
-6.203072479381837e+33
-6.203072482381948e+33
-6.203072485360565e+33
-6.203072488317032e+33
-6.203072491250673e+33
-6.203072494160838e+33
-6.203072497046871e+33
-6.203072499908124e+33
-6.203072502743967e+33
-6.203072505553763e+33
-6.203072508336887e+33
-6.203072511092722e+33
-6.203072513820654e+33
-6.203072516520078e+33
-6.203072519190407e+33
-6.20307252183104e+33
-6.203072524441406e+33
-6.203072527020918e+33
-6.20307252956902e+33
-6.203072532085149e+33
-6.203072534568754e+33
-6.203072537019291e+33
-6.203072539436225e+33
-6.203072541819032e+33
-6.203072544167192e+33
-6.203072546480202e+33
-6.203072548757552e+33
-6.20307255099875e+33
-6.203072553203314e+33
-6.203072555370768e+33
-6.203072557500646e+33
-6.203072559592493e+33
-6.203072561645851e+33
-6.203072563660289e+33
-6.203072565635371e+33
-6.203072567570683e+33
-6.203072569465806e+33
-6.203072571320345e+33
-6.2030725731339e+33
-6.203072574906093e+33
-6.203072576636542e+33
-6.203072578324888e+33
-6.20307257997078e+33
-6.203072581573869e+33
-6.20307258313382e+33
-6.203072584650308e+33
-6.203072586123018e+33
-6.203072587551646e+33
-6.203072588935895e+33
-6.203072590275477e+33
-6.203072591570123e+33
-6.20307259281957e+33
-6.203072594023556e+33
-6.203072595181844e+33
-6.203072596294195e+33
-6.203072597360386e+33
-6.203072598380211e+33
-6.203072599353458e+33
-6.203072600279938e+33
-6.203072601159472e+33
-6.203072601991887e+33
-6.203072602777023e+33
-6.203072603514726e+33
-6.203072604204862e+33
-6.203072604847303e+33
-6.203072605441924e+33
-6.203072605988621e+33
-6.203072606487305e+33
-6.203072606937877e+33
-6.203072607340268e+33
-6.20307260769441e+33
-6.203072608000257e+33
-6.20307260825776e+33
-6.203072608466889e+33
-6.203072608627618e+33
-6.203072608739937e+33
-6.203072608803853e+33
-6.203072608819371e+33
-6.203072608786513e+33
-6.203072608705309e+33
-6.203072608575807e+33
-6.203072608398055e+33
-6.203072608172128e+33
-6.203072607898083e+33
-6.203072607576023e+33
-6.203072607206037e+33
-6.203072606788238e+33
-6.203072606322734e+33
-6.203072605809658e+33
-6.203072605249155e+33
-6.203072604641362e+33
-6.203072603986453e+33
-6.203072603284589e+33
-6.203072602535954e+33
-6.203072601740743e+33
-6.203072600899155e+33
-6.203072600011405e+33
-6.203072599077716e+33
-6.203072598098311e+33
-6.203072597073453e+33
-6.203072596003378e+33
-6.20307259488836e+33
-6.203072593728671e+33
-6.203072592524596e+33
-6.203072591276425e+33
-6.203072589984467e+33
-6.203072588649035e+33
-6.203072587270457e+33
-6.203072585849061e+33
-6.203072584385192e+33
-6.203072582879207e+33
-6.203072581331466e+33
-6.203072579742341e+33
-6.203072578112217e+33
-6.203072576441484e+33
-6.203072574730551e+33
-6.203072572979814e+33
-6.203072571189705e+33
-6.203072569360646e+33
-6.20307256749308e+33
-6.20307256558745e+33
-6.203072563644216e+33
-6.203072561663837e+33
-6.203072559646794e+33
-6.203072557593566e+33
-6.203072555504644e+33
-6.203072553380521e+33
-6.203072551221716e+33
-6.203072549028743e+33
-6.203072546802116e+33
-6.203072544542381e+33
-6.20307254225007e+33
-6.203072539925737e+33
-6.203072537569933e+33
-6.203072535183221e+33
-6.203072532766177e+33
-6.203072530319383e+33
-6.203072527843418e+33
-6.203072525338881e+33
-6.20307252280637e+33
-6.203072520246492e+33
-6.203072517659867e+33
-6.203072515047114e+33
-6.203072512408863e+33
-6.203072509745741e+33
-6.203072507058403e+33
-6.203072504347484e+33
-6.203072501613648e+33
-6.203072498857547e+33
-6.203072496079851e+33
-6.203072493281233e+33
-6.203072490462368e+33
-6.203072487623937e+33
-6.203072484766632e+33
-6.203072481891151e+33
-6.203072478998187e+33
-6.203072476088443e+33
-6.203072473162633e+33
-6.20307247022146e+33
-6.203072467265654e+33
-6.203072464295926e+33
-6.203072461313014e+33
-6.203072458317639e+33
-6.203072455310538e+33
-6.203072452292455e+33
-6.203072449264127e+33
-6.203072446226298e+33
-6.20307244317972e+33
-6.203072440125146e+33
-6.203072437063328e+33
-6.203072433995023e+33
-6.203072430920991e+33
-6.203072427842003e+33
-6.203072424758817e+33
-6.203072421672198e+33
-6.203072418582922e+33
-6.203072415491753e+33
-6.203072412399472e+33
-6.203072409306846e+33
-6.203072406214661e+33
-6.203072403123686e+33
-6.203072400034701e+33
-6.203072396948484e+33
-6.203072393865812e+33
-6.203072390787472e+33
-6.203072387714234e+33
-6.203072384646891e+33
-6.203072381586214e+33
-6.203072378532988e+33
-6.203072375487988e+33
-6.203072372451994e+33
-6.203072369425786e+33
-6.20307236641014e+33
-6.203072363405832e+33
-6.203072360413636e+33
-6.203072357434326e+33
-6.203072354468675e+33
-6.20307235151745e+33
-6.203072348581424e+33
-6.20307234566135e+33
-6.203072342757998e+33
-6.203072339872133e+33
-6.203072337004508e+33
-6.203072334155872e+33
-6.203072331326986e+33
-6.203072328518588e+33
-6.203072325731434e+33
-6.203072322966252e+33
-6.203072320223788e+33
-6.203072317504775e+33
-6.203072314809932e+33
-6.203072312139992e+33
-6.203072309495669e+33
-6.203072306877679e+33
-6.203072304286732e+33
-6.203072301723535e+33
-6.203072299188782e+33
-6.203072296683165e+33
-6.203072294207381e+33
-6.203072291762104e+33
-6.203072289348013e+33
-6.203072286965782e+33
-6.203072284616059e+33
-6.203072282299519e+33
-6.203072280016804e+33
-6.203072277768552e+33
-6.203072275555408e+33
-6.203072273377996e+33
-6.203072271236935e+33
-6.203072269132846e+33
-6.203072267066332e+33
-6.203072265037983e+33
-6.203072263048405e+33
-6.203072261098167e+33
-6.203072259187846e+33
-6.203072257318009e+33
-6.203072255489217e+33
-6.203072253702005e+33
-6.203072251956922e+33
-6.203072250254494e+33
-6.20307224859524e+33
-6.203072246979677e+33
-6.203072245408297e+33
-6.203072243881597e+33
-6.203072242400064e+33
-6.203072240964161e+33
-6.203072239574354e+33
-6.203072238231098e+33
-6.203072236934825e+33
-6.203072235685983e+33
-6.203072234484971e+33
-6.203072233332217e+33
-6.203072232228104e+33
-6.203072231173034e+33
-6.203072230167378e+33
-6.203072229211501e+33
-6.203072228305763e+33
-6.203072227450501e+33
-6.203072226646054e+33
-6.203072225892735e+33
-6.203072225190861e+33
-6.203072224540722e+33
-6.203072223942608e+33
-6.203072223396792e+33
-6.203072222903533e+33
-6.203072222463086e+33
-6.203072222075691e+33
-6.203072221741556e+33
-6.203072221460912e+33
-6.203072221233955e+33
-6.203072221060876e+33
-6.203072220941846e+33
-6.20307222087703e+33
-6.203072220866582e+33
-6.203072220910637e+33
-6.203072221009328e+33
-6.203072221162767e+33
-6.203072221371044e+33
-6.203072221634261e+33
-6.20307222195249e+33
-6.203072222325788e+33
-6.203072222754217e+33
-6.203072223237798e+33
-6.203072223776569e+33
-6.203072224370533e+33
-6.203072225019697e+33
-6.203072225724037e+33
-6.203072226483535e+33
-6.203072227298142e+33
-6.203072228167819e+33
-6.203072229092489e+33
-6.203072230072075e+33
-6.203072231106489e+33
-6.20307223219563e+33
-6.203072233339375e+33
-6.203072234537599e+33
-6.203072235790158e+33
-6.203072237096897e+33
-6.203072238457652e+33
-6.203072239872235e+33
-6.203072241340463e+33
-6.203072242862124e+33
-6.203072244436997e+33
-6.203072246064869e+33
-6.203072247745482e+33
-6.203072249478584e+33
-6.20307225126391e+33
-6.203072253101185e+33
-6.203072254990107e+33
-6.203072256930385e+33
-6.203072258921694e+33
-6.203072260963708e+33
-6.203072263056088e+33
-6.203072265198493e+33
-6.20307226739054e+33
-6.203072269631873e+33
-6.2030722719221e+33
-6.203072274260825e+33
-6.203072276647642e+33
-6.203072279082123e+33
-6.20307228156385e+33
-6.203072284092372e+33
-6.203072286667238e+33
-6.20307228928799e+33
-6.203072291954152e+33
-6.203072294665236e+33
-6.203072297420753e+33
-6.2030723002202e+33
-6.203072303063057e+33
-6.2030723059488e+33
-6.203072308876901e+33
-6.203072311846808e+33
-6.203072314857976e+33
-6.203072317909833e+33
-6.203072321001812e+33
-6.203072324133334e+33
-6.203072327303803e+33
-6.203072330512619e+33
-6.203072333759187e+33
-6.203072337042882e+33
-6.203072340363077e+33
-6.203072343719148e+33
-6.203072347110442e+33
-6.203072350536327e+33
-6.203072353996135e+33
-6.203072357489209e+33
-6.203072361014871e+33
-6.203072364572451e+33
-6.203072368161259e+33
-6.203072371780607e+33
-6.203072375429795e+33
-6.20307237910812e+33
-6.203072382814866e+33
-6.203072386549321e+33
-6.20307239031076e+33
-6.203072394098452e+33
-6.203072397911668e+33
-6.203072401749663e+33
-6.203072405611691e+33
-6.203072409497002e+33
-6.203072413404847e+33
-6.203072417334457e+33
-6.203072421285076e+33
-6.203072425255934e+33
-6.203072429246248e+33
-6.203072433255253e+33
-6.203072437282167e+33
-6.203072441326197e+33
-6.203072445386566e+33
-6.203072449462475e+33
-6.203072453553131e+33
-6.203072457657741e+33
-6.203072461775504e+33
-6.203072465905616e+33
-6.203072470047274e+33
-6.203072474199674e+33
-6.203072478361998e+33
-6.203072482533449e+33
-6.203072486713201e+33
-6.203072490900454e+33
-6.203072495094382e+33
-6.203072499294175e+33
-6.203072503499016e+33
-6.203072507708088e+33
-6.203072511920575e+33
-6.203072516135654e+33
-6.203072520352514e+33
-6.203072524570328e+33
-6.203072528788285e+33
-6.203072533005563e+33
-6.20307253722135e+33
-6.203072541434825e+33
-6.203072545645177e+33
-6.203072549851586e+33
-6.203072554053249e+33
-6.203072558249344e+33
-6.20307256243907e+33
-6.203072566621609e+33
-6.203072570796167e+33
-6.203072574961931e+33
-6.203072579118105e+33
-6.203072583263885e+33
-6.203072587398477e+33
-6.20307259152109e+33
-6.203072595630931e+33
-6.203072599727213e+33
-6.203072603809154e+33
-6.20307260787597e+33
-6.203072611926886e+33
-6.203072615961127e+33
-6.20307261997793e+33
-6.203072623976523e+33
-6.203072627956148e+33
-6.203072631916048e+33
-6.203072635855476e+33
-6.20307263977368e+33
-6.203072643669918e+33
-6.203072647543456e+33
-6.20307265139356e+33
-6.203072655219504e+33
-6.203072659020572e+33
-6.20307266279604e+33
-6.203072666545212e+33
-6.203072670267368e+33
-6.203072673961825e+33
-6.203072677627881e+33
-6.203072681264861e+33
-6.203072684872078e+33
-6.203072688448867e+33
-6.203072691994562e+33
-6.203072695508496e+33
-6.203072698990026e+33
-6.203072702438511e+33
-6.203072705853303e+33
-6.203072709233782e+33
-6.203072712579323e+33
-6.203072715889306e+33
-6.203072719163126e+33
-6.203072722400194e+33
-6.203072725599901e+33
-6.203072728761669e+33
-6.203072731884927e+33
-6.203072734969102e+33
-6.203072738013636e+33
-6.203072741017974e+33
-6.203072743981577e+33
-6.203072746903906e+33
-6.203072749784432e+33
-6.203072752622636e+33
-6.203072755418015e+33
-6.203072758170061e+33
-6.203072760878283e+33
-6.203072763542195e+33
-6.203072766161326e+33
-6.20307276873521e+33
-6.20307277126338e+33
-6.203072773745401e+33
-6.203072776180828e+33
-6.203072778569229e+33
-6.203072780910188e+33
-6.203072783203291e+33
-6.203072785448133e+33
-6.203072787644331e+33
-6.203072789791494e+33
-6.203072791889252e+33
-6.203072793937243e+33
-6.203072795935114e+33
-6.203072797882519e+33
-6.203072799779128e+33
-6.203072801624615e+33
-6.203072803418674e+33
-6.203072805160992e+33
-6.203072806851286e+33
-6.203072808489271e+33
-6.203072810074672e+33
-6.203072811607235e+33
-6.203072813086711e+33
-6.20307281451285e+33
-6.203072815885424e+33
-6.203072817204226e+33
-6.203072818469042e+33
-6.203072819679675e+33
-6.20307282083594e+33
-6.203072821937659e+33
-6.203072822984672e+33
-6.20307282397683e+33
-6.203072824913983e+33
-6.203072825796002e+33
-6.203072826622773e+33
-6.203072827394182e+33
-6.203072828110129e+33
-6.203072828770532e+33
-6.203072829375312e+33
-6.203072829924407e+33
-6.203072830417764e+33
-6.203072830855334e+33
-6.203072831237092e+33
-6.203072831563022e+33
-6.203072831833103e+33
-6.203072832047345e+33
-6.203072832205759e+33
-6.203072832308367e+33
-6.20307283235521e+33
-6.203072832346331e+33
-6.203072832281785e+33
-6.203072832161643e+33
-6.203072831985982e+33
-6.203072831754897e+33
-6.203072831468482e+33
-6.203072831126854e+33
-6.203072830730135e+33
-6.203072830278462e+33
-6.203072829771972e+33
-6.203072829210831e+33
-6.203072828595194e+33
-6.203072827925254e+33
-6.203072827201182e+33
-6.203072826423185e+33
-6.203072825591475e+33
-6.20307282470627e+33
-6.203072823767796e+33
-6.2030728227763e+33
-6.203072821732037e+33
-6.203072820635258e+33
-6.203072819486252e+33
-6.203072818285283e+33
-6.203072817032658e+33
-6.203072815728678e+33
-6.20307281437366e+33
-6.203072812967921e+33
-6.203072811511799e+33
-6.20307281000564e+33
-6.203072808449802e+33
-6.203072806844644e+33
-6.203072805190539e+33
-6.203072803487877e+33
-6.203072801737046e+33
-6.203072799938455e+33
-6.203072798092516e+33
-6.203072796199649e+33
-6.203072794260292e+33
-6.203072792274876e+33
-6.203072790243864e+33
-6.203072788167711e+33
-6.203072786046887e+33
-6.203072783881872e+33
-6.20307278167315e+33
-6.203072779421222e+33
-6.203072777126588e+33
-6.203072774789764e+33
-6.203072772411279e+33
-6.203072769991654e+33
-6.203072767531434e+33
-6.203072765031166e+33
-6.203072762491411e+33
-6.20307275991272e+33
-6.203072757295676e+33
-6.203072754640855e+33
-6.203072751948853e+33
-6.203072749220254e+33
-6.203072746455673e+33
-6.203072743655708e+33
-6.203072740820983e+33
-6.203072737952127e+33
-6.203072735049767e+33
-6.203072732114547e+33
-6.203072729147114e+33
-6.203072726148115e+33
-6.203072723118214e+33
-6.203072720058075e+33
-6.203072716968375e+33
-6.203072713849788e+33
-6.203072710703003e+33
-6.203072707528705e+33
