#p1    p2    variance
0.0    0.0    4.984540170177432e-05
0.0    0.05    4.827355634155774e-05
0.0    0.1    5.121941078027007e-05
0.0    0.15000000000000002    4.9750647088625565e-05
0.0    0.2    4.8120095263374066e-05
0.0    0.25    5.034607109255459e-05
0.0    0.30000000000000004    5.111065609741711e-05
0.0    0.35000000000000003    5.0951677980946795e-05
0.0    0.4    4.983144996459632e-05
0.0    0.45    5.139216685496933e-05
0.0    0.5    4.752288860065731e-05
0.0    0.55    5.0306450999768004e-05
0.0    0.6000000000000001    4.9708956539335504e-05
0.0    0.65    4.843072901187388e-05
0.0    0.7000000000000001    5.071276383209211e-05
0.0    0.75    5.092442759321703e-05
0.0    0.8    4.850443447570991e-05
0.0    0.8500000000000001    4.821153853852302e-05
0.0    0.9    4.949355624603418e-05
0.0    0.9500000000000001    4.852787921536704e-05
0.0    1.0    4.704549466938534e-05
0.05    0.0    4.956581548947793e-05
0.05    0.05    4.876953422909125e-05
0.05    0.1    5.0210168195416784e-05
0.05    0.15000000000000002    5.155860521684969e-05
0.05    0.2    4.856676524632049e-05
0.05    0.25    5.054784475653961e-05
0.05    0.30000000000000004    4.9661258431453494e-05
0.05    0.35000000000000003    5.108390017043966e-05
0.05    0.4    4.7704839852543585e-05
0.05    0.45    4.981042139081993e-05
0.05    0.5    4.8125457717752566e-05
0.05    0.55    5.1838652760007574e-05
0.05    0.6000000000000001    4.964212970549486e-05
0.05    0.65    4.9441780655590637e-05
0.05    0.7000000000000001    5.017968995848277e-05
0.05    0.75    5.1027471277782354e-05
0.05    0.8    4.87870004768984e-05
0.05    0.8500000000000001    5.093972203841372e-05
0.05    0.9    5.037495211111877e-05
0.05    0.9500000000000001    4.872498629976237e-05
0.05    1.0    4.924090489833656e-05
0.1    0.0    5.016228048444757e-05
0.1    0.05    4.802948957202408e-05
0.1    0.1    4.898875483832856e-05
0.1    0.15000000000000002    5.090909689223068e-05
0.1    0.2    4.821293674653289e-05
0.1    0.25    4.9809274539284634e-05
0.1    0.30000000000000004    5.021916806408185e-05
0.1    0.35000000000000003    4.909014947719433e-05
0.1    0.4    4.934438494734054e-05
0.1    0.45    4.9400168000372824e-05
0.1    0.5    4.9932995859233275e-05
0.1    0.55    4.958983993647642e-05
0.1    0.6000000000000001    4.901535004071143e-05
0.1    0.65    4.9167757292524823e-05
0.1    0.7000000000000001    5.1648788906668444e-05
0.1    0.75    4.950382699699009e-05
0.1    0.8    5.043494067746752e-05
0.1    0.8500000000000001    4.9812893219361604e-05
0.1    0.9    4.8031810823051815e-05
0.1    0.9500000000000001    4.901785981329178e-05
0.1    1.0    4.941240697203726e-05
0.15000000000000002    0.0    4.881125492266108e-05
0.15000000000000002    0.05    4.8780908226873175e-05
0.15000000000000002    0.1    5.15761243271584e-05
0.15000000000000002    0.15000000000000002    4.905380316366055e-05
0.15000000000000002    0.2    4.981251496202797e-05
0.15000000000000002    0.25    4.8616997054436914e-05
0.15000000000000002    0.30000000000000004    4.7831228504999444e-05
0.15000000000000002    0.35000000000000003    4.996832644990784e-05
0.15000000000000002    0.4    4.93252700331303e-05
0.15000000000000002    0.45    5.194932546333728e-05
0.15000000000000002    0.5    5.044297407986028e-05
0.15000000000000002    0.55    4.954678353208897e-05
0.15000000000000002    0.6000000000000001    5.0019152850655e-05
0.15000000000000002    0.65    5.0640714548247086e-05
0.15000000000000002    0.7000000000000001    5.029137430193856e-05
0.15000000000000002    0.75    4.9731113202459913e-05
0.15000000000000002    0.8    4.930883843224006e-05
0.15000000000000002    0.8500000000000001    5.05091057491438e-05
0.15000000000000002    0.9    4.8913135581033485e-05
0.15000000000000002    0.9500000000000001    4.8697090713894375e-05
0.15000000000000002    1.0    4.9942838086276895e-05
0.2    0.0    4.982997313389718e-05
0.2    0.05    5.159336509338688e-05
0.2    0.1    5.086177957605443e-05
0.2    0.15000000000000002    5.17658086277684e-05
0.2    0.2    4.9633822022170734e-05
0.2    0.25    5.00784366928958e-05
0.2    0.30000000000000004    5.0249189103247146e-05
0.2    0.35000000000000003    4.9700915705688923e-05
0.2    0.4    4.910798124292867e-05
0.2    0.45    4.971453096210537e-05
0.2    0.5    5.000291372335511e-05
0.2    0.55    4.880582020890166e-05
0.2    0.6000000000000001    4.965373438309602e-05
0.2    0.65    4.8939032478172265e-05
0.2    0.7000000000000001    5.044860353379643e-05
0.2    0.75    4.9602520918861564e-05
0.2    0.8    5.049825371410814e-05
0.2    0.8500000000000001    4.94791167007807e-05
0.2    0.9    4.961097077362577e-05
0.2    0.9500000000000001    5.025440124150264e-05
0.2    1.0    5.2132411772596043e-05
0.25    0.0    5.060910282188604e-05
0.25    0.05    4.9892570985999844e-05
0.25    0.1    4.900078296390361e-05
0.25    0.15000000000000002    5.039952041294635e-05
0.25    0.2    5.020581585038914e-05
0.25    0.25    4.8451934890178274e-05
0.25    0.30000000000000004    4.986290841400347e-05
0.25    0.35000000000000003    4.9777926519915824e-05
0.25    0.4    4.943691033502632e-05
0.25    0.45    5.1418773858309527e-05
0.25    0.5    5.0766375728796825e-05
0.25    0.55    5.1339168219557456e-05
0.25    0.6000000000000001    5.056654739943288e-05
0.25    0.65    4.9247413824953815e-05
0.25    0.7000000000000001    4.908225229220587e-05
0.25    0.75    5.009531157708848e-05
0.25    0.8    5.014705807760861e-05
0.25    0.8500000000000001    4.80904346478122e-05
0.25    0.9    5.050440427947172e-05
0.25    0.9500000000000001    4.9424212442172266e-05
0.25    1.0    4.874882122960492e-05
0.30000000000000004    0.0    4.976199701366954e-05
0.30000000000000004    0.05    4.9950453179783665e-05
0.30000000000000004    0.1    5.101984955278184e-05
0.30000000000000004    0.15000000000000002    5.135343381399936e-05
0.30000000000000004    0.2    4.8985120408853636e-05
0.30000000000000004    0.25    4.891721430739978e-05
0.30000000000000004    0.30000000000000004    4.929597168409725e-05
0.30000000000000004    0.35000000000000003    4.865967718670229e-05
0.30000000000000004    0.4    4.879970313833682e-05
0.30000000000000004    0.45    5.041935667356407e-05
0.30000000000000004    0.5    5.070129788988044e-05
0.30000000000000004    0.55    5.040735923343577e-05
0.30000000000000004    0.6000000000000001    5.046189673710685e-05
0.30000000000000004    0.65    4.882459091853064e-05
0.30000000000000004    0.7000000000000001    4.974884941505205e-05
0.30000000000000004    0.75    4.905025465383618e-05
0.30000000000000004    0.8    4.9702041165540994e-05
0.30000000000000004    0.8500000000000001    5.001439700529224e-05
0.30000000000000004    0.9    4.96116041324374e-05
0.30000000000000004    0.9500000000000001    4.891801889120401e-05
0.30000000000000004    1.0    5.038867756216185e-05
0.35000000000000003    0.0    4.9767862219766226e-05
0.35000000000000003    0.05    5.074787642120276e-05
0.35000000000000003    0.1    5.0855067222211474e-05
0.35000000000000003    0.15000000000000002    4.983907849615052e-05
0.35000000000000003    0.2    5.0099549894956057e-05
0.35000000000000003    0.25    4.937684192216756e-05
0.35000000000000003    0.30000000000000004    5.159631581393831e-05
0.35000000000000003    0.35000000000000003    4.953496377218805e-05
0.35000000000000003    0.4    5.110779276973738e-05
0.35000000000000003    0.45    5.035834135118446e-05
0.35000000000000003    0.5    4.937102209775827e-05
0.35000000000000003    0.55    5.0210456857241107e-05
0.35000000000000003    0.6000000000000001    4.8802027985686954e-05
0.35000000000000003    0.65    5.095243365308815e-05
0.35000000000000003    0.7000000000000001    5.018267867902819e-05
0.35000000000000003    0.75    4.82340652463525e-05
0.35000000000000003    0.8    5.06672717110677e-05
0.35000000000000003    0.8500000000000001    5.0205596170568165e-05
0.35000000000000003    0.9    4.896603777241602e-05
0.35000000000000003    0.9500000000000001    5.1106496737570444e-05
0.35000000000000003    1.0    4.949905835866373e-05
0.4    0.0    4.918916880588829e-05
0.4    0.05    4.963627281794199e-05
0.4    0.1    5.002517349717452e-05
0.4    0.15000000000000002    4.923628595902702e-05
0.4    0.2    4.9899161671197186e-05
0.4    0.25    5.052836009458671e-05
0.4    0.30000000000000004    5.071881591225961e-05
0.4    0.35000000000000003    5.1511612297504e-05
0.4    0.4    4.970801275211626e-05
0.4    0.45    5.0226629512928943e-05
0.4    0.5    5.0229478972505405e-05
0.4    0.55    5.004553745714831e-05
0.4    0.6000000000000001    4.915807651989184e-05
0.4    0.65    4.901567473650284e-05
0.4    0.7000000000000001    5.103679057485361e-05
0.4    0.75    4.9885217970388816e-05
0.4    0.8    5.114850601982321e-05
0.4    0.8500000000000001    4.911900519919982e-05
0.4    0.9    4.9232478680658885e-05
0.4    0.9500000000000001    4.8677437774989966e-05
0.4    1.0    5.078785810625768e-05
0.45    0.0    5.05897622190628e-05
0.45    0.05    5.05934846469249e-05
0.45    0.1    5.0627053193117034e-05
0.45    0.15000000000000002    5.152593875204814e-05
0.45    0.2    4.872095194709001e-05
0.45    0.25    5.138037409266599e-05
0.45    0.30000000000000004    5.105726954799848e-05
0.45    0.35000000000000003    5.03074322054465e-05
0.45    0.4    4.9125534819259024e-05
0.45    0.45    4.989680850610573e-05
0.45    0.5    5.044658246937133e-05
0.45    0.55    4.911944557323011e-05
0.45    0.6000000000000001    5.073065498310869e-05
0.45    0.65    5.058427253648723e-05
0.45    0.7000000000000001    4.8754078683600516e-05
0.45    0.75    5.047979795886521e-05
0.45    0.8    4.99511214614514e-05
0.45    0.8500000000000001    5.050548708345531e-05
0.45    0.9    4.973893440344774e-05
0.45    0.9500000000000001    5.041866672643218e-05
0.45    1.0    5.0394157222756636e-05
0.5    0.0    4.994879337709139e-05
0.5    0.05    5.339774481091211e-05
0.5    0.1    5.0929636488067695e-05
0.5    0.15000000000000002    5.110183954127264e-05
0.5    0.2    4.927443962079303e-05
0.5    0.25    4.923675738820826e-05
0.5    0.30000000000000004    4.973297398993223e-05
0.5    0.35000000000000003    5.07956595578482e-05
0.5    0.4    5.095470230780137e-05
0.5    0.45    4.980062696073112e-05
0.5    0.5    5.034930540099036e-05
0.5    0.55    4.941247062670334e-05
0.5    0.6000000000000001    5.0284310159183034e-05
0.5    0.65    4.889686025949475e-05
0.5    0.7000000000000001    5.015230655438744e-05
0.5    0.75    4.847237755557514e-05
0.5    0.8    5.012137492224222e-05
0.5    0.8500000000000001    4.945901123477038e-05
0.5    0.9    5.049441103566568e-05
0.5    0.9500000000000001    4.88983870218406e-05
0.5    1.0    5.0965670204129455e-05
0.55    0.0    5.139087965173787e-05
0.55    0.05    4.8915615345625036e-05
0.55    0.1    4.931193838658059e-05
0.55    0.15000000000000002    5.100292839441592e-05
0.55    0.2    5.02938297695716e-05
0.55    0.25    5.100167379869326e-05
0.55    0.30000000000000004    5.038810195394055e-05
0.55    0.35000000000000003    4.993536409666441e-05
0.55    0.4    5.025722409197055e-05
0.55    0.45    5.051153987984975e-05
0.55    0.5    4.937298924372673e-05
0.55    0.55    4.933884241305478e-05
0.55    0.6000000000000001    4.9647889736548415e-05
0.55    0.65    4.920701984580018e-05
0.55    0.7000000000000001    4.9391067294793377e-05
0.55    0.75    4.9307199460479696e-05
0.55    0.8    4.972463458479063e-05
0.55    0.8500000000000001    4.93951895343422e-05
0.55    0.9    4.832408352652543e-05
0.55    0.9500000000000001    4.910227627821322e-05
0.55    1.0    5.035269180932185e-05
0.6000000000000001    0.0    5.019107212133138e-05
0.6000000000000001    0.05    5.073876665407411e-05
0.6000000000000001    0.1    5.002373182074629e-05
0.6000000000000001    0.15000000000000002    4.71880744607395e-05
0.6000000000000001    0.2    5.077517282251436e-05
0.6000000000000001    0.25    4.8217404628712287e-05
0.6000000000000001    0.30000000000000004    5.05907087688715e-05
0.6000000000000001    0.35000000000000003    5.240791613182795e-05
0.6000000000000001    0.4    5.2086468234377604e-05
0.6000000000000001    0.45    4.9073347435116324e-05
0.6000000000000001    0.5    4.930199947849729e-05
0.6000000000000001    0.55    5.057894481231901e-05
0.6000000000000001    0.6000000000000001    4.929275206390854e-05
0.6000000000000001    0.65    5.026244178058485e-05
0.6000000000000001    0.7000000000000001    5.0088197081423317e-05
0.6000000000000001    0.75    5.04332228755839e-05
0.6000000000000001    0.8    4.9744532216701486e-05
0.6000000000000001    0.8500000000000001    4.8780234346885014e-05
0.6000000000000001    0.9    4.955764841284599e-05
0.6000000000000001    0.9500000000000001    4.963271995480098e-05
0.6000000000000001    1.0    4.980130909211685e-05
0.65    0.0    5.010461084058983e-05
0.65    0.05    4.905469989852921e-05
0.65    0.1    4.987373355375962e-05
0.65    0.15000000000000002    5.031980578300468e-05
0.65    0.2    5.0181900209128675e-05
0.65    0.25    5.047302437041975e-05
0.65    0.30000000000000004    5.0056665786304435e-05
0.65    0.35000000000000003    5.107109211333459e-05
0.65    0.4    5.0594555956505845e-05
0.65    0.45    4.984156886625599e-05
0.65    0.5    4.952159164163203e-05
0.65    0.55    4.9097270134729e-05
0.65    0.6000000000000001    4.99858135690146e-05
0.65    0.65    4.8626172490220226e-05
0.65    0.7000000000000001    5.14491224893489e-05
0.65    0.75    5.1040192956004316e-05
0.65    0.8    5.214591606620049e-05
0.65    0.8500000000000001    4.9105896748857434e-05
0.65    0.9    4.888537309306584e-05
0.65    0.9500000000000001    4.9525834747268627e-05
0.65    1.0    4.9218869920244606e-05
0.7000000000000001    0.0    4.992014990565149e-05
0.7000000000000001    0.05    5.218358870286351e-05
0.7000000000000001    0.1    5.0183941227187665e-05
0.7000000000000001    0.15000000000000002    5.03109606781038e-05
0.7000000000000001    0.2    4.923721758637607e-05
0.7000000000000001    0.25    4.9320103632677284e-05
0.7000000000000001    0.30000000000000004    4.843859008215986e-05
0.7000000000000001    0.35000000000000003    5.101821109580958e-05
0.7000000000000001    0.4    5.013801392717605e-05
0.7000000000000001    0.45    5.0348848665651676e-05
0.7000000000000001    0.5    5.0357421981227534e-05
0.7000000000000001    0.55    4.831155611685755e-05
0.7000000000000001    0.6000000000000001    5.072874419884186e-05
0.7000000000000001    0.65    5.1415963644130503e-05
0.7000000000000001    0.7000000000000001    4.983848535635726e-05
0.7000000000000001    0.75    5.105558761101715e-05
0.7000000000000001    0.8    4.926240645724916e-05
0.7000000000000001    0.8500000000000001    5.142468515672498e-05
0.7000000000000001    0.9    4.7621763232332034e-05
0.7000000000000001    0.9500000000000001    5.043006810550469e-05
0.7000000000000001    1.0    4.903846750464149e-05
0.75    0.0    4.987627885631032e-05
0.75    0.05    5.031932743455997e-05
0.75    0.1    5.005974181618836e-05
0.75    0.15000000000000002    4.964295367059094e-05
0.75    0.2    4.958973584536598e-05
0.75    0.25    5.135940365677001e-05
0.75    0.30000000000000004    5.1243557118935705e-05
0.75    0.35000000000000003    5.096567949229745e-05
0.75    0.4    5.0329391226716054e-05
0.75    0.45    4.943956704603245e-05
0.75    0.5    5.06022623085912e-05
0.75    0.55    5.022594350824245e-05
0.75    0.6000000000000001    4.919935706684939e-05
0.75    0.65    4.98483871389469e-05
0.75    0.7000000000000001    5.134756823580047e-05
0.75    0.75    5.1476705244331724e-05
0.75    0.8    4.9268590457459554e-05
0.75    0.8500000000000001    4.936918414921116e-05
0.75    0.9    4.8159696761439375e-05
0.75    0.9500000000000001    4.9350833621369525e-05
0.75    1.0    4.91747736938811e-05
0.8    0.0    4.9354969840932094e-05
0.8    0.05    5.1100487117428115e-05
0.8    0.1    5.142582571809341e-05
0.8    0.15000000000000002    4.957985874542626e-05
0.8    0.2    5.14701563341077e-05
0.8    0.25    4.8910982564191445e-05
0.8    0.30000000000000004    5.139813153387186e-05
0.8    0.35000000000000003    5.1567431108724073e-05
0.8    0.4    4.926365771524258e-05
0.8    0.45    4.908913036464745e-05
0.8    0.5    5.0112055755466695e-05
0.8    0.55    5.3183919694017614e-05
0.8    0.6000000000000001    5.224923126031476e-05
0.8    0.65    5.058843008538286e-05
0.8    0.7000000000000001    4.987460897967883e-05
0.8    0.75    5.1128751148081346e-05
0.8    0.8    5.017520456671389e-05
0.8    0.8500000000000001    4.9565052812941185e-05
0.8    0.9    5.022646580552104e-05
0.8    0.9500000000000001    5.077794823693871e-05
0.8    1.0    4.983692737699003e-05
0.8500000000000001    0.0    4.949268463306401e-05
0.8500000000000001    0.05    5.103682390818162e-05
0.8500000000000001    0.1    4.993352847465572e-05
0.8500000000000001    0.15000000000000002    4.89414578994472e-05
0.8500000000000001    0.2    4.831210739574621e-05
0.8500000000000001    0.25    5.14909841021608e-05
0.8500000000000001    0.30000000000000004    4.9882998067066664e-05
0.8500000000000001    0.35000000000000003    4.982645695180544e-05
0.8500000000000001    0.4    5.08548862710014e-05
0.8500000000000001    0.45    5.089997511631095e-05
0.8500000000000001    0.5    5.086383869482997e-05
0.8500000000000001    0.55    4.994867620165049e-05
0.8500000000000001    0.6000000000000001    5.11786158519399e-05
0.8500000000000001    0.65    5.048398847418251e-05
0.8500000000000001    0.7000000000000001    5.098706351965412e-05
0.8500000000000001    0.75    4.96853792401472e-05
0.8500000000000001    0.8    5.058990586132601e-05
0.8500000000000001    0.8500000000000001    5.0493155176553924e-05
0.8500000000000001    0.9    4.868669617319005e-05
0.8500000000000001    0.9500000000000001    4.8431264879494e-05
0.8500000000000001    1.0    4.936338956020952e-05
0.9    0.0    5.083315824090195e-05
0.9    0.05    4.9194364367407764e-05
0.9    0.1    4.977171906966921e-05
0.9    0.15000000000000002    4.959345508018305e-05
0.9    0.2    5.061599737553996e-05
0.9    0.25    5.106075874648141e-05
0.9    0.30000000000000004    5.0139388398578973e-05
0.9    0.35000000000000003    5.0223565883122963e-05
0.9    0.4    5.0666661687584064e-05
0.9    0.45    4.9849905210246966e-05
0.9    0.5    5.0817359036793106e-05
0.9    0.55    4.759012458231422e-05
0.9    0.6000000000000001    4.946901867961333e-05
0.9    0.65    4.923443590696467e-05
0.9    0.7000000000000001    5.083996160871916e-05
0.9    0.75    4.953650267721778e-05
0.9    0.8    4.959066580844671e-05
0.9    0.8500000000000001    4.97443324457502e-05
0.9    0.9    5.237081887756697e-05
0.9    0.9500000000000001    4.9527192844573476e-05
0.9    1.0    5.082392921479946e-05
0.9500000000000001    0.0    5.047077025247477e-05
0.9500000000000001    0.05    5.111573933721196e-05
0.9500000000000001    0.1    5.001028108388793e-05
0.9500000000000001    0.15000000000000002    5.041192259801393e-05
0.9500000000000001    0.2    5.0312134437708336e-05
0.9500000000000001    0.25    4.836763760389486e-05
0.9500000000000001    0.30000000000000004    4.9915352966370425e-05
0.9500000000000001    0.35000000000000003    4.846967102323405e-05
0.9500000000000001    0.4    4.994021304433046e-05
0.9500000000000001    0.45    5.0705204439215905e-05
0.9500000000000001    0.5    4.891633791465421e-05
0.9500000000000001    0.55    5.132177004767866e-05
0.9500000000000001    0.6000000000000001    5.0782030392960775e-05
0.9500000000000001    0.65    4.8595105943228465e-05
0.9500000000000001    0.7000000000000001    5.0147299754228634e-05
0.9500000000000001    0.75    5.053493685332747e-05
0.9500000000000001    0.8    5.0083468245648555e-05
0.9500000000000001    0.8500000000000001    4.9267382962848426e-05
0.9500000000000001    0.9    4.909975668908765e-05
0.9500000000000001    0.9500000000000001    5.092780367261333e-05
0.9500000000000001    1.0    5.000746228977421e-05
1.0    0.0    5.1358704723228644e-05
1.0    0.05    4.9352030519259704e-05
1.0    0.1    4.979006643204373e-05
1.0    0.15000000000000002    4.927296749952558e-05
1.0    0.2    5.192858232476702e-05
1.0    0.25    4.8110431762121226e-05
1.0    0.30000000000000004    4.975328165774874e-05
1.0    0.35000000000000003    5.0295541199753624e-05
1.0    0.4    4.932067199189894e-05
1.0    0.45    5.128802810942796e-05
1.0    0.5    4.91464623906535e-05
1.0    0.55    5.0849630296222205e-05
1.0    0.6000000000000001    4.9991584326285474e-05
1.0    0.65    4.9318639982631476e-05
1.0    0.7000000000000001    4.873169541979291e-05
1.0    0.75    4.9192836407220386e-05
1.0    0.8    5.1587378761809994e-05
1.0    0.8500000000000001    4.774564812579565e-05
1.0    0.9    5.18817383274599e-05
1.0    0.9500000000000001    4.9898809554546835e-05
1.0    1.0    4.710233701521392e-05
